365
0.91208
0.74583
0.70583
1.67667
0.97083
0.99208
1.97792
1.76042
1.32500
1.31875
1.12625
1.40833
2.17750
2.15417
1.69042
0.87708
0.62083
0.98708
2.47292
2.52667
1.91292
1.89167
2.96458
4.55833
3.36667
2.90458
3.31000
2.83708
1.63375
1.00750
1.27792
2.12417
1.73125
1.62792
1.85875
1.25083
1.76417
2.90083
3.48083
1.89292
1.60625
2.60750
3.75292
4.21958
2.80500
1.81708
0.78500
1.66125
2.58000
1.97917
1.29667
0.99875
1.99417
2.99542
3.25750
1.33792
0.68958
0.53958
0.71208
0.93792
0.66833
0.76167
1.32417
3.08167
4.93792
4.93571
-99.00000
-99.00000
-99.00000
-99.00000
-99.00000
-99.00000
-99.00000
-99.00000
-99.00000
-99.00000
-99.00000
-99.00000
-99.00000
-99.00000
-99.00000
-99.00000
-99.00000
-99.00000
-99.00000
-99.00000
-99.00000
-99.00000
-99.00000
-99.00000
-99.00000
-99.00000
-99.00000
-99.00000
-99.00000
-99.00000
-99.00000
-99.00000
-99.00000
-99.00000
-99.00000
-99.00000
-99.00000
-99.00000
-99.00000
-99.00000
-99.00000
-99.00000
-99.00000
-99.00000
-99.00000
-99.00000
-99.00000
-99.00000
-99.00000
-99.00000
-99.00000
-99.00000
-99.00000
0.83429
1.27583
1.97625
0.91958
0.67542
2.45958
0.96500
0.44292
0.47125
0.91708
1.01458
1.12292
1.20125
1.20625
1.07625
2.79875
1.33042
0.53583
0.33292
0.24833
0.40333
0.69750
0.58917
0.69667
0.78708
0.69208
1.13167
2.97125
2.27875
0.62792
0.32500
0.56167
0.48958
0.53208
0.41125
0.27167
0.73750
1.86208
1.42792
0.92292
0.88792
0.58750
0.29083
0.55375
0.32375
0.34542
1.04333
1.17833
0.87917
0.47750
0.27208
1.95583
3.32375
1.99125
1.60792
0.53667
0.52542
0.91833
0.96917
0.58250
0.35375
0.35125
0.29167
0.18792
0.17667
0.21042
0.17875
0.63000
0.76042
1.37792
0.82958
0.61792
0.62750
0.55625
1.20500
1.48625
1.05958
0.64875
0.89917
2.95417
0.76833
0.55583
0.70583
1.21750
1.16208
0.76292
1.82958
0.54458
0.63000
1.28708
0.44083
1.08167
0.80917
0.40125
0.75417
0.69083
0.62375
0.34333
0.24923
0.60500
1.06750
0.45375
0.87958
0.86750
0.80542
0.65500
0.28708
0.44083
0.86083
0.39875
0.15125
0.37542
0.53167
0.34333
0.36875
0.34583
0.41000
0.47208
0.75083
0.54292
0.40250
2.01208
1.74833
0.68417
0.55500
0.40958
0.39458
0.66167
2.37625
1.89792
0.89708
0.81167
0.81042
0.72917
0.51792
0.45083
0.43167
0.55125
1.21458
1.52875
1.18292
1.81542
1.20500
0.97625
1.70500
1.60292
1.21542
1.83917
1.70458
0.94208
0.79708
0.98000
1.00292
0.78750
0.56292
1.61958
1.77875
0.57125
0.49583
0.83125
0.98042
0.88000
0.65625
0.75333
2.14333
2.33083
4.24250
3.22500
2.91875
2.26792
3.05875
3.04208
1.31167
0.84917
1.62833
2.68542
3.40417
1.50542
1.08500
0.86042
0.65000
0.34958
0.32000
0.44625
0.39792
0.38042
1.73542
2.02750
1.58292
1.97625
2.24250
1.98500
3.53958
3.75500
3.88458
1.64417
0.86875
0.55167
0.67583
0.69958
0.73792
0.44875
0.35917
0.55417
0.92000
0.63500
0.68292
0.72833
0.74917
0.90833
0.70667
0.72042
1.06458
1.47708
2.28375
2.53333
1.56875
1.83000
2.86250
1.98792
1.03375
1.24958
0.99042
1.01583
0.91333
1.64000
2.39583
2.38458
2.40250
4.08208
2.25167
2.08458
1.78875
3.29792
3.29542
1.87917
2.69792
2.68958
2.19792
2.40667
1.70375
1.96000
2.07042
1.90542
1.47625
2.12333
0.78293
0.80415
0.80094
1.25076
1.01832
0.99513
1.34501
1.31516
1.07927
1.19105
1.03979
1.26507
1.58830
1.39782
1.64629
0.89026
0.55420
0.86115
2.07933
2.03022
1.69046
1.74252
2.34359
4.20750
3.56349
2.48300
2.75343
2.58491
1.45087
0.67091
0.96379
1.61545
1.43063
1.13676
1.63889
1.32207
1.64135
2.42107
3.03645
2.10992
1.96508
2.25106
3.09098
4.20626
2.66238
1.84023
0.83327
1.18907
2.27080
1.95867
1.30035
0.80119
1.54809
2.69397
2.49682
1.22263
0.86954
0.80341
0.64994
0.81575
0.76837
0.74765
1.11875
2.74800
4.57095
4.70222
2.74036
1.30208
1.16983
1.20486
1.70181
0.79576
0.60059
0.58652
1.28432
1.18932
0.58998
0.44020
1.01561
1.64900
1.05780
1.08988
1.46172
2.78131
1.34847
0.83820
0.79157
1.55228
1.73314
1.08347
1.26433
1.01635
0.62872
0.54729
0.54877
0.52977
0.83450
1.06545
0.98872
0.70422
1.09580
1.12270
1.50194
1.13701
0.92925
1.26581
1.07878
0.67041
0.43601
0.84684
1.18438
1.41016
1.13923
0.92925
1.02203
1.49331
1.48665
1.51231
0.94800
0.81328
0.87398
1.21202
0.93764
0.76023
1.50046
1.12591
0.70274
0.53125
0.74543
0.75406
0.93665
1.21769
0.96207
0.91469
1.65172
1.46617
0.64475
0.36322
0.28870
0.49523
0.65783
0.64081
0.67683
0.70422
0.57517
0.77948
2.28412
1.95867
0.87546
0.44316
0.57443
0.60281
0.64599
0.56086
0.45131
0.55370
1.07878
1.12739
0.90112
0.81994
0.62107
0.51497
0.57024
0.50090
0.42935
0.94331
0.97144
0.71582
0.56481
0.38789
1.43656
2.75590
2.11436
1.72056
0.91568
0.42466
0.53495
0.80760
0.57024
0.31609
0.31634
0.29758
0.25662
0.21320
0.21937
0.19272
0.39604
0.67264
1.19944
0.96725
0.80489
0.72149
0.58874
0.94850
1.12640
0.95738
0.66301
0.53298
2.26315
1.11998
0.67486
0.61292
1.07532
1.15403
0.64574
1.56141
0.94800
0.60453
0.90976
0.66967
0.81476
0.85720
0.58159
0.48782
0.70693
0.77232
0.50041
0.35680
0.34669
0.66721
0.47302
0.63365
0.85325
0.77627
0.68300
0.46981
0.46142
0.80489
0.65339
0.42293
0.50090
0.58800
0.48240
0.45155
0.57394
0.51349
0.47647
0.60675
0.62773
0.47179
1.45013
1.69391
0.75209
0.46734
0.53890
0.46759
0.52212
2.05613
1.75806
0.89816
0.81328
0.76739
0.70891
0.54482
0.51867
0.41651
0.51990
0.82611
0.94973
0.82710
1.38030
0.94085
0.84634
1.14787
1.12146
0.92777
1.46518
1.28308
0.90482
0.72741
0.84264
0.96404
0.67954
0.64648
1.14219
1.53106
0.80563
0.54359
0.73432
0.80341
0.67041
0.65166
0.70595
1.65147
2.02652
3.60791
2.65276
2.54518
2.25723
2.86200
3.06334
1.38820
0.94973
1.34279
2.33249
3.43420
1.82024
1.04177
0.92185
0.66745
0.46734
0.53421
0.47919
0.42984
0.53619
1.16119
1.93745
1.36451
1.50491
1.58386
1.71266
3.19313
2.95675
3.60322
1.73561
0.75258
0.64722
0.85843
0.67041
0.85572
0.65832
0.52015
0.53767
0.68004
0.76911
0.65610
0.68645
0.80168
0.97662
0.82808
0.76368
0.85005
1.47381
2.24711
2.57627
1.76867
1.49010
2.18296
2.11683
1.07828
1.17353
1.07779
1.09778
1.01758
1.29147
1.64826
1.80445
1.60928
3.69970
2.30386
1.96706
1.98828
2.73320
3.52303
1.71809
2.27105
2.97575
2.38874
2.38035
1.27839
1.63839
1.89846
2.01468
1.87626
2.08229
